%YAML:1.0
calibration_time: "04/07/12 16:33:43"
nframes: 5
image_width: 640
image_height: 480
board_width: 9
board_height: 6
square_size: 2.7000000700354576e-002
flags: 0
camera_matrix: !!opencv-matrix
   rows: 3
   cols: 3
   dt: d
   data: [ 5.4714246749566155e+002, 0., 2.9878369359109166e+002, 0.,
       5.4734570814230540e+002, 2.3824043749368559e+002, 0., 0., 1. ]
distortion_coefficients: !!opencv-matrix
   rows: 5
   cols: 1
   dt: d
   data: [ -1.3073349980562163e-001, 2.3208742144799302e-001,
       2.1457669171971288e-004, -2.9117803733958590e-003,
       -9.2313725258074686e-002 ]
avg_reprojection_error: 3.5024395496313460e-001
per_view_reprojection_errors: !!opencv-matrix
   rows: 5
   cols: 1
   dt: f
   data: [ 3.01721990e-001, 3.06313038e-001, 4.71487522e-001,
       3.51555854e-001, 2.87399232e-001 ]
# a set of 6-tuples (rotation vector + translation vector) for each view
extrinsic_parameters: !!opencv-matrix
   rows: 5
   cols: 6
   dt: d
   data: [ -2.5854813789624864e-001, -8.7459339984957956e-004,
       -3.5396625347542281e-002, -1.0058500155678410e-001,
       -7.4095658672993281e-002, 2.9537591227837617e-001,
       -3.0266135293202290e-001, 2.7940962634743788e-001,
       1.0173945223124578e-002, -1.5874504871264747e-001,
       -1.1791460962658878e-001, 4.1881580481420638e-001,
       1.1220753407559363e-002, -5.1754335691500997e-001,
       -1.6005745705575249e-002, 5.4108956622681406e-002,
       -5.1209155169659598e-002, 3.3149191439974324e-001,
       -5.6458245911910354e-001, -6.7421534805360381e-002,
       -7.0904186234144032e-002, -1.2790672328042263e-001,
       -1.3583123281373538e-001, 3.7427620636950415e-001,
       3.0831144125202686e-001, -1.1718787821432204e-001,
       -2.0002644163846072e-002, -7.6765586746430095e-002,
       -9.3657648561283405e-003, 3.3605581307845817e-001 ]
image_points: !!opencv-matrix
   rows: 5
   cols: 54
   dt: "2f"
   data: [ 1.14653519e+002, 1.02635048e+002, 1.64023010e+002,
       1.01027153e+002, 2.12741699e+002, 9.88613815e+001,
       2.62488007e+002, 9.71417084e+001, 3.11899170e+002,
       9.56768112e+001, 3.61259399e+002, 9.44454575e+001,
       4.10279236e+002, 9.31965256e+001, 4.58671753e+002,
       9.17646561e+001, 5.06476501e+002, 9.11133194e+001,
       1.12308167e+002, 1.48206772e+002, 1.62323380e+002,
       1.46390625e+002, 2.12341583e+002, 1.44052460e+002,
       2.63478088e+002, 1.42472778e+002, 3.14008026e+002,
       1.40678116e+002, 3.64602509e+002, 1.39051071e+002,
       4.15272552e+002, 1.37143677e+002, 4.64584015e+002,
       1.36313339e+002, 5.13532349e+002, 1.35155441e+002,
       1.09404030e+002, 1.95764008e+002, 1.60311005e+002,
       1.93617065e+002, 2.12070847e+002, 1.91882782e+002,
       2.64478302e+002, 1.90273651e+002, 3.16574127e+002,
       1.88433182e+002, 3.68632843e+002, 1.86558777e+002,
       4.20459747e+002, 1.84987717e+002, 4.71213013e+002,
       1.83448288e+002, 5.21022522e+002, 1.82263641e+002,
       1.06148949e+002, 2.46557343e+002, 1.58425034e+002,
       2.44610184e+002, 2.11681473e+002, 2.42918076e+002,
       2.65567017e+002, 2.41145920e+002, 3.18854431e+002,
       2.39219833e+002, 3.72289948e+002, 2.37463074e+002,
       4.25242188e+002, 2.35568359e+002, 4.77017548e+002,
       2.33646210e+002, 5.28291626e+002, 2.32045090e+002,
       1.03289513e+002, 2.99322632e+002, 1.57197769e+002,
       2.97621857e+002, 2.11595261e+002, 2.95988342e+002,
       2.66543671e+002, 2.94276276e+002, 3.21375397e+002,
       2.92426117e+002, 3.75899078e+002, 2.90437592e+002,
       4.30080322e+002, 2.88245239e+002, 4.83158051e+002,
       2.85947174e+002, 5.35800476e+002, 2.83623016e+002,
       1.00354546e+002, 3.54717407e+002, 1.55856171e+002,
       3.53075470e+002, 2.11610168e+002, 3.51420715e+002,
       2.67953613e+002, 3.49580811e+002, 3.23898041e+002,
       3.47507813e+002, 3.79890594e+002, 3.45266693e+002,
       4.35260590e+002, 3.42811523e+002, 4.89754089e+002,
       3.40472351e+002, 5.43413025e+002, 3.37877930e+002,
       9.44728241e+001, 8.65156250e+001, 1.24858139e+002,
       8.27308731e+001, 1.55812759e+002, 7.84867706e+001,
       1.88598572e+002, 7.42233124e+001, 2.22434204e+002,
       6.99442902e+001, 2.57757507e+002, 6.53986893e+001,
       2.94399506e+002, 6.07103996e+001, 3.32389404e+002,
       5.59417686e+001, 3.71895782e+002, 5.14212112e+001,
       8.88896027e+001, 1.17473991e+002, 1.19491219e+002,
       1.13960632e+002, 1.50904114e+002, 1.09949432e+002,
       1.84273636e+002, 1.06392982e+002, 2.18527512e+002,
       1.02477844e+002, 2.54495163e+002, 9.81962357e+001,
       2.92018890e+002, 9.35269623e+001, 3.30881866e+002,
       8.96859055e+001, 3.71562714e+002, 8.56699295e+001,
       8.25748672e+001, 1.49350082e+002, 1.13158463e+002,
       1.46102097e+002, 1.45487640e+002, 1.43133591e+002,
       1.79624893e+002, 1.39899475e+002, 2.14528366e+002,
       1.36509186e+002, 2.51159958e+002, 1.32833176e+002,
       2.89945251e+002, 1.29238007e+002, 3.29801361e+002,
       1.25751846e+002, 3.71231598e+002, 1.22596878e+002,
       7.59431763e+001, 1.82923782e+002, 1.07152100e+002,
       1.80499771e+002, 1.40148819e+002, 1.78053452e+002,
       1.74847031e+002, 1.75400192e+002, 2.10495712e+002,
       1.72826569e+002, 2.48315872e+002, 1.70086136e+002,
       2.87785065e+002, 1.67181000e+002, 3.28446594e+002,
       1.64532349e+002, 3.70863007e+002, 1.61558868e+002,
       6.96068192e+001, 2.17559814e+002, 1.01476974e+002,
       2.15962372e+002, 1.34820496e+002, 2.14425049e+002,
       1.70047607e+002, 2.12557861e+002, 2.06602798e+002,
       2.10709671e+002, 2.45080368e+002, 2.08835159e+002,
       2.85500946e+002, 2.06764816e+002, 3.27214691e+002,
       2.04673141e+002, 3.70586273e+002, 2.02434006e+002,
       6.26750031e+001, 2.53613770e+002, 9.52231979e+001,
       2.52893494e+002, 1.29313797e+002, 2.51891724e+002,
       1.65179123e+002, 2.51016235e+002, 2.02365479e+002,
       2.49866928e+002, 2.41553375e+002, 2.48774887e+002,
       2.82675049e+002, 2.47599167e+002, 3.25814728e+002,
       2.46557983e+002, 3.70355133e+002, 2.45235764e+002,
       3.86873260e+002, 1.54292435e+002, 4.19762085e+002,
       1.57040710e+002, 4.50571930e+002, 1.59404953e+002,
       4.78864563e+002, 1.61837555e+002, 5.04511078e+002,
       1.64131897e+002, 5.28841064e+002, 1.66229370e+002,
       5.51726746e+002, 1.67951614e+002, 5.72966125e+002,
       1.69625229e+002, 5.92625854e+002, 1.71295593e+002,
       3.87742035e+002, 1.98363113e+002, 4.20536194e+002,
       1.99161163e+002, 4.51511902e+002, 2.00146698e+002,
       4.79253845e+002, 2.00886154e+002, 5.05235474e+002,
       2.01473404e+002, 5.29717712e+002, 2.02414978e+002,
       5.53094910e+002, 2.02928879e+002, 5.73763550e+002,
       2.03463562e+002, 5.93517517e+002, 2.04169312e+002,
       3.88587524e+002, 2.42609436e+002, 4.22028931e+002,
       2.41556992e+002, 4.51801117e+002, 2.40709152e+002,
       4.79767151e+002, 2.39932785e+002, 5.05843384e+002,
       2.39210892e+002, 5.30456360e+002, 2.38700119e+002,
       5.52742310e+002, 2.37985825e+002, 5.74035522e+002,
       2.37366440e+002, 5.93506958e+002, 2.36931137e+002,
       3.89851654e+002, 2.87116760e+002, 4.22538818e+002,
       2.84394775e+002, 4.52186920e+002, 2.81618958e+002,
       4.79853424e+002, 2.79206604e+002, 5.05916992e+002,
       2.77046631e+002, 5.29767822e+002, 2.75046997e+002,
       5.52447510e+002, 2.73194122e+002, 5.73598328e+002,
       2.71479706e+002, 5.93415405e+002, 2.69932648e+002,
       3.90245422e+002, 3.31093414e+002, 4.22585571e+002,
       3.26496246e+002, 4.52238312e+002, 3.22057983e+002,
       4.80059509e+002, 3.18124268e+002, 5.05669556e+002,
       3.14467804e+002, 5.29639893e+002, 3.11186005e+002,
       5.52063843e+002, 3.08058746e+002, 5.73337280e+002,
       3.05188873e+002, 5.93342163e+002, 3.02554657e+002,
